   1.0000000e+00   6.4113000e+02  -3.6373000e+02   0.0000000e+00
   2.5000000e+01   4.4783000e+02   4.8830000e+02   6.3333333e-01
   4.4000000e+01   5.6938000e+02   6.3289000e+02   1.3333333e+00
   6.6000000e+01   6.1958000e+02   1.0598000e+02   2.1000000e+00
   9.0000000e+01   6.1542000e+02   1.6372000e+02   2.7666667e+00
   1.0900000e+02   7.2999000e+02   3.7690000e+02   3.4666667e+00
   1.3000000e+02   5.5448000e+02  -3.0860000e+01   4.2333333e+00
   1.4900000e+02   6.3809000e+02   2.0720000e+01   4.7333333e+00
   1.7000000e+02   5.9231000e+02   1.8225000e+02   5.5000000e+00
   1.8800000e+02   6.1679000e+02   4.2120000e+01   6.1666667e+00
   2.0700000e+02   6.0126000e+02   5.6590000e+01   6.7000000e+00
   2.2500000e+02   6.4512000e+02   1.1402000e+02   7.3666667e+00
   2.4100000e+02   6.4792000e+02   9.7200000e+01   7.7666667e+00
   2.6000000e+02   7.0386000e+02   6.3601000e+02   8.5000000e+00
   2.7900000e+02   6.3761000e+02   6.0490000e+01   9.2000000e+00
   2.9900000e+02   7.1048000e+02   6.3062000e+02   9.7333333e+00
   3.1600000e+02   6.5312000e+02   2.8870000e+01   1.0366667e+01
   3.3500000e+02   6.4308000e+02   5.0730000e+01   1.1100000e+01
   3.5300000e+02   6.5004000e+02   1.1256000e+02   1.1566667e+01
   3.7100000e+02   0.0000000e+00   0.0000000e+00   1.2233333e+01
   3.9000000e+02   0.0000000e+00   0.0000000e+00   1.2766667e+01
   4.0900000e+02   0.0000000e+00   0.0000000e+00   1.3466667e+01
   4.2900000e+02   6.2257000e+02   2.5196000e+02   1.4200000e+01
   4.4700000e+02   6.3886000e+02   3.3934000e+02   1.4666667e+01
   4.6900000e+02   6.7118000e+02   3.5500000e+00   1.5466667e+01
   4.8600000e+02  -4.3304000e+02  -2.9489000e+02   1.6100000e+01
   5.0400000e+02  -2.2382600e+03  -1.6121800e+03   1.6600000e+01
   5.2400000e+02   5.4262000e+02   1.5930000e+01   1.7333333e+01
   5.4200000e+02   6.7470000e+02   4.3362000e+02   1.7766667e+01
   5.5400000e+02   5.0396000e+02  -1.0579000e+02   1.8300000e+01
   5.6900000e+02   5.7146000e+02  -3.9730000e+01   1.8700000e+01
   5.8400000e+02   2.7746000e+02   2.3384000e+02   1.9300000e+01
   6.0500000e+02   6.4790000e+02  -1.2390000e+02   2.0066667e+01
   6.2400000e+02   2.8468800e+03  -2.2948200e+03   2.0566667e+01
   6.4000000e+02   6.8841000e+02  -5.7400000e+00   2.1200000e+01
   6.5500000e+02   6.4881000e+02  -6.9390000e+01   2.1600000e+01
   6.7400000e+02   6.0721000e+02   2.9620000e+01   2.2300000e+01
   6.9500000e+02  -1.0691700e+03  -7.3884000e+02   2.3066667e+01
   7.1400000e+02   6.1911000e+02  -5.7310000e+01   2.3566667e+01
   7.3500000e+02   6.7583000e+02   4.7775000e+02   2.4333333e+01
   7.5400000e+02   3.6306000e+02   4.4850000e+01   2.5033333e+01
   7.7600000e+02  -8.9081900e+04   5.4288380e+04   2.5633333e+01
   7.9900000e+02   6.8182000e+02   4.8634000e+02   2.6433333e+01
   8.1500000e+02   6.1981000e+02   1.2889000e+02   2.7066667e+01
   8.3300000e+02   7.4614000e+02  -6.6450000e+01   2.7533333e+01
   8.4900000e+02   6.4589000e+02  -1.6737000e+02   2.8166667e+01
   8.6900000e+02   4.9787000e+02  -3.3080000e+01   2.8700000e+01
   8.8500000e+02   0.0000000e+00   0.0000000e+00   2.9333333e+01
   9.0100000e+02   6.2088000e+02  -2.0520000e+02   2.9733333e+01
   9.1900000e+02   6.2295000e+02  -1.6555000e+02   3.0433333e+01
   9.3500000e+02   6.2585000e+02  -1.6917000e+02   3.1033333e+01
   9.5100000e+02   6.4917000e+02  -1.6435000e+02   3.1466667e+01
   9.7000000e+02   7.4295000e+02  -1.1952000e+02   3.2166667e+01
   9.8600000e+02   6.4554000e+02  -1.4572000e+02   3.2600000e+01
   1.0040000e+03   5.2780000e+02  -1.0235000e+02   3.3300000e+01
   1.0200000e+03   5.5916000e+02  -8.0360000e+01   3.3700000e+01
   1.0370000e+03   6.3277000e+02  -1.7211000e+02   3.4366667e+01
   1.0550000e+03   6.7873000e+02  -1.6760000e+02   3.5066667e+01
   1.0710000e+03   0.0000000e+00   0.0000000e+00   3.5466667e+01
   1.0890000e+03   6.7343000e+02  -1.9677000e+02   3.6133333e+01
   1.1060000e+03   6.6421000e+02  -1.6929000e+02   3.6600000e+01
   1.1250000e+03   6.6385000e+02  -1.6918000e+02   3.7300000e+01
   1.1420000e+03   5.1589000e+02  -9.2270000e+01   3.7766667e+01
   1.1590000e+03  -4.0950100e+03   3.1577400e+03   3.8433333e+01
   1.1750000e+03   4.9824000e+02  -7.2230000e+01   3.9033333e+01
   1.1910000e+03   6.4635000e+02  -9.7090000e+01   3.9466667e+01
   1.2080000e+03   6.8903000e+02  -5.4060000e+01   4.0100000e+01
   1.2240000e+03   5.7985000e+02  -9.9770000e+01   4.0533333e+01
   1.2410000e+03   6.9700000e+02  -1.6663000e+02   4.1200000e+01
   1.2590000e+03   5.7021000e+02  -1.1012000e+02   4.1666667e+01
   1.2750000e+03   6.9970000e+02  -7.4270000e+01   4.2300000e+01
   1.2920000e+03   0.0000000e+00   0.0000000e+00   4.2766667e+01
   1.3060000e+03   0.0000000e+00   0.0000000e+00   4.3333333e+01
   1.3240000e+03   0.0000000e+00   0.0000000e+00   4.4000000e+01
   1.3410000e+03   0.0000000e+00   0.0000000e+00   4.4466667e+01
   1.3580000e+03   5.7935000e+02  -1.4764000e+02   4.5100000e+01
   1.3740000e+03   0.0000000e+00   0.0000000e+00   4.5533333e+01
   1.3890000e+03   2.4848100e+03   4.8184000e+02   4.6133333e+01
   1.4050000e+03   7.1810000e+02  -2.2722000e+02   4.6566667e+01
   1.4210000e+03   7.2785000e+02  -1.9962000e+02   4.7166667e+01
   1.4360000e+03   0.0000000e+00   0.0000000e+00   4.7600000e+01
   1.4510000e+03   6.6086000e+02  -1.6622000e+02   4.8200000e+01
   1.4660000e+03   0.0000000e+00   0.0000000e+00   4.8566667e+01
   1.4800000e+03   0.0000000e+00   0.0000000e+00   4.9166667e+01
   1.4940000e+03   0.0000000e+00   0.0000000e+00   4.9500000e+01
   1.5100000e+03   7.9621000e+02  -1.0238000e+02   5.0166667e+01
   1.5260000e+03   0.0000000e+00   0.0000000e+00   5.0566667e+01
   1.5440000e+03   0.0000000e+00   0.0000000e+00   5.1233333e+01
   1.5600000e+03   0.0000000e+00   0.0000000e+00   5.1666667e+01
   1.5760000e+03   0.0000000e+00   0.0000000e+00   5.2300000e+01
   1.5910000e+03   6.9344400e+03  -1.6932200e+03   5.2700000e+01
   1.6060000e+03   0.0000000e+00   0.0000000e+00   5.3300000e+01
   1.6210000e+03   0.0000000e+00   0.0000000e+00   5.3700000e+01
   1.6350000e+03   7.7374000e+02  -1.9754000e+02   5.4266667e+01
   1.6460000e+03   0.0000000e+00   0.0000000e+00   5.4566667e+01
   1.6610000e+03   3.2322700e+03   2.7488000e+02   5.5166667e+01
   1.6760000e+03  -2.7824600e+03  -9.5116000e+02   5.5566667e+01
   1.6910000e+03   8.4257000e+02  -2.2731000e+02   5.6200000e+01
   1.7050000e+03   6.9026200e+03  -1.5851000e+03   5.6566667e+01
   1.7210000e+03   0.0000000e+00   0.0000000e+00   5.7200000e+01
   1.7370000e+03   5.6890000e+02  -1.3784000e+02   5.7633333e+01
   1.7540000e+03   0.0000000e+00   0.0000000e+00   5.8266667e+01
   1.7700000e+03   0.0000000e+00   0.0000000e+00   5.8666667e+01
   1.7870000e+03   0.0000000e+00   0.0000000e+00   5.9366667e+01
   1.8040000e+03   0.0000000e+00   0.0000000e+00   6.0000000e+01
   1.8200000e+03   0.0000000e+00   0.0000000e+00   6.0400000e+01
   1.8360000e+03   0.0000000e+00   0.0000000e+00   6.1066667e+01
   1.8530000e+03   0.0000000e+00   0.0000000e+00   6.1533333e+01
   1.8660000e+03   0.0000000e+00   0.0000000e+00   6.2066667e+01
   1.8770000e+03   0.0000000e+00   0.0000000e+00   6.2366667e+01
   1.8940000e+03   0.0000000e+00   0.0000000e+00   6.3000000e+01
   1.9090000e+03   0.0000000e+00   0.0000000e+00   6.3400000e+01
   1.9200000e+03   0.0000000e+00   0.0000000e+00   6.3666667e+01
   1.9360000e+03   0.0000000e+00   0.0000000e+00   6.4333333e+01
   1.9500000e+03   0.0000000e+00   0.0000000e+00   6.4700000e+01
   1.9620000e+03   0.0000000e+00   0.0000000e+00   6.5200000e+01
   1.9790000e+03   0.0000000e+00   0.0000000e+00   6.5666667e+01
   1.9950000e+03   0.0000000e+00   0.0000000e+00   6.6266667e+01
   2.0100000e+03   0.0000000e+00   0.0000000e+00   6.6700000e+01
   2.0260000e+03   0.0000000e+00   0.0000000e+00   6.7300000e+01
   2.0440000e+03   0.0000000e+00   0.0000000e+00   6.8000000e+01
   2.0590000e+03   0.0000000e+00   0.0000000e+00   6.8400000e+01
   2.0750000e+03   0.0000000e+00   0.0000000e+00   6.9000000e+01
   2.0910000e+03   0.0000000e+00   0.0000000e+00   6.9433333e+01
   2.1080000e+03   0.0000000e+00   0.0000000e+00   7.0100000e+01
   2.1240000e+03   0.0000000e+00   0.0000000e+00   7.0533333e+01
   2.1410000e+03   0.0000000e+00   0.0000000e+00   7.1166667e+01
   2.1570000e+03   0.0000000e+00   0.0000000e+00   7.1600000e+01
   2.1740000e+03   0.0000000e+00   0.0000000e+00   7.2233333e+01
   2.1890000e+03   0.0000000e+00   0.0000000e+00   7.2666667e+01
   2.2050000e+03   0.0000000e+00   0.0000000e+00   7.3266667e+01
   2.2210000e+03  -6.5150000e+01   5.1763000e+02   7.3700000e+01
   2.2390000e+03   0.0000000e+00   0.0000000e+00   7.4366667e+01
   2.2510000e+03   0.0000000e+00   0.0000000e+00   7.4700000e+01
   2.2670000e+03   0.0000000e+00   0.0000000e+00   7.5333333e+01
   2.2820000e+03   0.0000000e+00   0.0000000e+00   7.5733333e+01
   2.2970000e+03   0.0000000e+00   0.0000000e+00   7.6333333e+01
   2.3140000e+03   0.0000000e+00   0.0000000e+00   7.6766667e+01
   2.3300000e+03   0.0000000e+00   0.0000000e+00   7.7400000e+01
   2.3450000e+03   0.0000000e+00   0.0000000e+00   7.8000000e+01
   2.3630000e+03   0.0000000e+00   0.0000000e+00   7.8500000e+01
   2.3790000e+03   0.0000000e+00   0.0000000e+00   7.9100000e+01
   2.3950000e+03   0.0000000e+00   0.0000000e+00   7.9533333e+01
   2.4110000e+03   0.0000000e+00   0.0000000e+00   8.0166667e+01
   2.4260000e+03   0.0000000e+00   0.0000000e+00   8.0566667e+01
   2.4450000e+03   0.0000000e+00   0.0000000e+00   8.1266667e+01
   2.4620000e+03   5.4416000e+02   3.3118000e+02   8.1700000e+01
   2.4790000e+03   5.2639000e+02   2.8878000e+02   8.2366667e+01
   2.4950000e+03  -6.1532000e+02  -5.0883000e+02   8.3000000e+01
   2.5100000e+03   0.0000000e+00   0.0000000e+00   8.3400000e+01
   2.5250000e+03   0.0000000e+00   0.0000000e+00   8.4000000e+01
   2.5410000e+03   0.0000000e+00   0.0000000e+00   8.4400000e+01
   2.5580000e+03  -8.2560000e+02  -1.1843600e+03   8.5066667e+01
   2.5740000e+03   0.0000000e+00   0.0000000e+00   8.5500000e+01
   2.5890000e+03   0.0000000e+00   0.0000000e+00   8.6100000e+01
   2.6040000e+03   0.0000000e+00   0.0000000e+00   8.6500000e+01
   2.6190000e+03   0.0000000e+00   0.0000000e+00   8.7100000e+01
   2.6350000e+03   0.0000000e+00   0.0000000e+00   8.7533333e+01
   2.6510000e+03   2.8742900e+03  -6.6938000e+02   8.8133333e+01
   2.6670000e+03   5.2778000e+02   2.8603000e+02   8.8566667e+01
   2.6840000e+03   0.0000000e+00   0.0000000e+00   8.9233333e+01
   2.7000000e+03   0.0000000e+00   0.0000000e+00   8.9633333e+01
   2.7160000e+03   0.0000000e+00   0.0000000e+00   9.0266667e+01
   2.7320000e+03   0.0000000e+00   0.0000000e+00   9.0700000e+01
   2.7470000e+03   0.0000000e+00   0.0000000e+00   9.1266667e+01
   2.7640000e+03   0.0000000e+00   0.0000000e+00   9.1766667e+01
   2.7800000e+03   0.0000000e+00   0.0000000e+00   9.2400000e+01
   2.7980000e+03   0.0000000e+00   0.0000000e+00   9.3033333e+01
   2.8130000e+03   0.0000000e+00   0.0000000e+00   9.3466667e+01
   2.8290000e+03   0.0000000e+00   0.0000000e+00   9.4066667e+01
   2.8460000e+03   0.0000000e+00   0.0000000e+00   9.4533333e+01
   2.8620000e+03   0.0000000e+00   0.0000000e+00   9.5166667e+01
   2.8790000e+03   0.0000000e+00   0.0000000e+00   9.5600000e+01
   2.8950000e+03   0.0000000e+00   0.0000000e+00   9.6233333e+01
   2.9110000e+03   0.0000000e+00   0.0000000e+00   9.6666667e+01
   2.9270000e+03   0.0000000e+00   0.0000000e+00   9.7300000e+01
   2.9440000e+03   0.0000000e+00   0.0000000e+00   9.7733333e+01
   2.9600000e+03   0.0000000e+00   0.0000000e+00   9.8366667e+01
   2.9750000e+03   0.0000000e+00   0.0000000e+00   9.8766667e+01
   2.9910000e+03   0.0000000e+00   0.0000000e+00   9.9400000e+01
   3.0080000e+03   0.0000000e+00   0.0000000e+00   1.0003333e+02
   3.0240000e+03   9.4806000e+02   1.2382800e+03   1.0046667e+02
   3.0390000e+03   0.0000000e+00   0.0000000e+00   1.0106667e+02
   3.0550000e+03   0.0000000e+00   0.0000000e+00   1.0150000e+02
   3.0710000e+03   0.0000000e+00   0.0000000e+00   1.0213333e+02
   3.0870000e+03  -1.4533000e+03  -6.6551100e+03   1.0253333e+02
   3.1040000e+03   0.0000000e+00   0.0000000e+00   1.0320000e+02
   3.1200000e+03   0.0000000e+00   0.0000000e+00   1.0363333e+02
   3.1360000e+03   0.0000000e+00   0.0000000e+00   1.0426667e+02
   3.1510000e+03   0.0000000e+00   0.0000000e+00   1.0463333e+02
   3.1690000e+03   0.0000000e+00   0.0000000e+00   1.0533333e+02
   3.1840000e+03   0.0000000e+00   0.0000000e+00   1.0573333e+02
   3.2000000e+03   0.0000000e+00   0.0000000e+00   1.0636667e+02
   3.2180000e+03   0.0000000e+00   0.0000000e+00   1.0703333e+02
   3.2310000e+03   0.0000000e+00   0.0000000e+00   1.0736667e+02
   3.2490000e+03   0.0000000e+00   0.0000000e+00   1.0806667e+02
   3.2640000e+03   0.0000000e+00   0.0000000e+00   1.0846667e+02
   3.2800000e+03   0.0000000e+00   0.0000000e+00   1.0910000e+02
   3.2960000e+03   2.2731200e+03  -1.6647000e+02   1.0950000e+02
   3.3120000e+03   1.0038500e+03   2.8529000e+02   1.1013333e+02
   3.3290000e+03   0.0000000e+00   0.0000000e+00   1.1060000e+02
   3.3460000e+03   0.0000000e+00   0.0000000e+00   1.1126667e+02
   3.3620000e+03   0.0000000e+00   0.0000000e+00   1.1170000e+02
   3.3790000e+03   0.0000000e+00   0.0000000e+00   1.1236667e+02
   3.3960000e+03  -6.7462000e+02  -5.8607000e+02   1.1300000e+02
   3.4140000e+03   0.0000000e+00   0.0000000e+00   1.1346667e+02
   3.4300000e+03   0.0000000e+00   0.0000000e+00   1.1410000e+02
   3.4460000e+03   0.0000000e+00   0.0000000e+00   1.1453333e+02
   3.4620000e+03   0.0000000e+00   0.0000000e+00   1.1516667e+02
   3.4770000e+03   0.0000000e+00   0.0000000e+00   1.1556667e+02
   3.4950000e+03   0.0000000e+00   0.0000000e+00   1.1623333e+02
   3.5110000e+03   0.0000000e+00   0.0000000e+00   1.1666667e+02
   3.5270000e+03   0.0000000e+00   0.0000000e+00   1.1730000e+02
   3.5440000e+03   0.0000000e+00   0.0000000e+00   1.1773333e+02
   3.5600000e+03   0.0000000e+00   0.0000000e+00   1.1836667e+02
   3.5780000e+03   0.0000000e+00   0.0000000e+00   1.1903333e+02
   3.5950000e+03   0.0000000e+00   0.0000000e+00   1.1950000e+02
   3.6120000e+03   0.0000000e+00   0.0000000e+00   1.2013333e+02
   3.6290000e+03   0.0000000e+00   0.0000000e+00   1.2060000e+02
   3.6450000e+03   0.0000000e+00   0.0000000e+00   1.2123333e+02
   3.6610000e+03  -5.9462000e+02  -5.6615000e+02   1.2166667e+02
   3.6790000e+03   0.0000000e+00   0.0000000e+00   1.2233333e+02
   3.6950000e+03   0.0000000e+00   0.0000000e+00   1.2276667e+02
   3.7110000e+03   0.0000000e+00   0.0000000e+00   1.2340000e+02
   3.7280000e+03   5.6447000e+02   9.2603000e+02   1.2403333e+02
   3.7440000e+03   0.0000000e+00   0.0000000e+00   1.2446667e+02
   3.7600000e+03   0.0000000e+00   0.0000000e+00   1.2510000e+02
   3.7760000e+03   0.0000000e+00   0.0000000e+00   1.2550000e+02
   3.7940000e+03   0.0000000e+00   0.0000000e+00   1.2620000e+02
   3.8100000e+03   0.0000000e+00   0.0000000e+00   1.2663333e+02
   3.8270000e+03   0.0000000e+00   0.0000000e+00   1.2726667e+02
   3.8450000e+03   0.0000000e+00   0.0000000e+00   1.2773333e+02
   3.8610000e+03   0.0000000e+00   0.0000000e+00   1.2836667e+02
   3.8760000e+03   6.8404000e+02  -3.1625000e+02   1.2876667e+02
   3.8940000e+03   0.0000000e+00   0.0000000e+00   1.2946667e+02
   3.9110000e+03  -3.4150000e+02  -3.9940000e+01   1.3010000e+02
   3.9270000e+03   0.0000000e+00   0.0000000e+00   1.3053333e+02
   3.9450000e+03   0.0000000e+00   0.0000000e+00   1.3120000e+02
   3.9610000e+03   0.0000000e+00   0.0000000e+00   1.3163333e+02
   3.9760000e+03   0.0000000e+00   0.0000000e+00   1.3223333e+02
   3.9940000e+03  -1.2517600e+03  -1.5472600e+03   1.3273333e+02
   4.0100000e+03   0.0000000e+00   0.0000000e+00   1.3333333e+02
   4.0250000e+03   0.0000000e+00   0.0000000e+00   1.3373333e+02
   4.0410000e+03   0.0000000e+00   0.0000000e+00   1.3436667e+02
   4.0560000e+03   0.0000000e+00   0.0000000e+00   1.3476667e+02
   4.0700000e+03   0.0000000e+00   0.0000000e+00   1.3533333e+02
   4.0860000e+03   0.0000000e+00   0.0000000e+00   1.3576667e+02
   4.1030000e+03   0.0000000e+00   0.0000000e+00   1.3643333e+02
   4.1190000e+03   0.0000000e+00   0.0000000e+00   1.3703333e+02
   4.1350000e+03   0.0000000e+00   0.0000000e+00   1.3746667e+02
   4.1510000e+03   0.0000000e+00   0.0000000e+00   1.3810000e+02
   4.1670000e+03   0.0000000e+00   0.0000000e+00   1.3853333e+02
   4.1810000e+03   0.0000000e+00   0.0000000e+00   1.3910000e+02
   4.1960000e+03   0.0000000e+00   0.0000000e+00   1.3950000e+02
   4.2120000e+03   0.0000000e+00   0.0000000e+00   1.4010000e+02
   4.2270000e+03   0.0000000e+00   0.0000000e+00   1.4050000e+02
   4.2440000e+03   0.0000000e+00   0.0000000e+00   1.4116667e+02
   4.2590000e+03   0.0000000e+00   0.0000000e+00   1.4156667e+02
   4.2740000e+03   0.0000000e+00   0.0000000e+00   1.4216667e+02
   4.2900000e+03   0.0000000e+00   0.0000000e+00   1.4260000e+02
   4.3050000e+03   0.0000000e+00   0.0000000e+00   1.4320000e+02
   4.3210000e+03   0.0000000e+00   0.0000000e+00   1.4360000e+02
   4.3370000e+03   0.0000000e+00   0.0000000e+00   1.4423333e+02
   4.3540000e+03   0.0000000e+00   0.0000000e+00   1.4470000e+02
   4.3700000e+03   0.0000000e+00   0.0000000e+00   1.4533333e+02
   4.3860000e+03   0.0000000e+00   0.0000000e+00   1.4576667e+02
   4.4010000e+03   0.0000000e+00   0.0000000e+00   1.4633333e+02
   4.4160000e+03   0.0000000e+00   0.0000000e+00   1.4673333e+02
   4.4310000e+03   0.0000000e+00   0.0000000e+00   1.4733333e+02
   4.4480000e+03   0.0000000e+00   0.0000000e+00   1.4800000e+02
   4.4640000e+03   0.0000000e+00   0.0000000e+00   1.4843333e+02
   4.4790000e+03   0.0000000e+00   0.0000000e+00   1.4903333e+02
   4.4950000e+03   0.0000000e+00   0.0000000e+00   1.4943333e+02
   4.5110000e+03   0.0000000e+00   0.0000000e+00   1.5006667e+02
   4.5270000e+03   0.0000000e+00   0.0000000e+00   1.5050000e+02
   4.5440000e+03   0.0000000e+00   0.0000000e+00   1.5113333e+02
   4.5600000e+03   0.0000000e+00   0.0000000e+00   1.5156667e+02
   4.5760000e+03   0.0000000e+00   0.0000000e+00   1.5220000e+02
   4.5940000e+03   8.3926000e+02   5.3315000e+02   1.5266667e+02
   4.6140000e+03   6.2403000e+02   2.4172000e+02   1.5340000e+02
   4.6290000e+03   7.9195000e+02  -2.6422000e+02   1.5400000e+02
   4.6450000e+03   6.4080000e+01   5.7167000e+02   1.5443333e+02
   4.6610000e+03   6.8507000e+02   1.5117000e+02   1.5506667e+02
   4.6770000e+03   3.1617600e+03   2.0040200e+03   1.5546667e+02
   4.6950000e+03   4.8601000e+02   4.6522000e+02   1.5616667e+02
   4.7120000e+03   6.7517000e+02   2.6884000e+02   1.5663333e+02
   4.7290000e+03   2.7898000e+02   4.4008000e+02   1.5726667e+02
