   1.0000000e+00   0.0000000e+00   9.0605114e+00   7.4024427e+02   3.7732594e+02   5.9038167e+01
   2.0000000e+00   0.0000000e+00   3.7719899e+02   7.8321756e+02   8.6923511e+02   4.9236644e+00
   3.0000000e+00   0.0000000e+00   8.7069497e+02   7.6093511e+02   1.2754569e+03   4.9236634e+00
   1.0000000e+00   1.0000000e+00   9.0605114e+00   7.0841221e+02   4.0112799e+02   6.5152669e+00
   2.0000000e+00   1.0000000e+00   4.0417465e+02   6.9567939e+02   8.6447470e+02   3.3320620e+00
   3.0000000e+00   1.0000000e+00   8.6434775e+02   6.9567939e+02   1.2770437e+03   4.9236644e+00
   1.0000000e+00   2.0000000e+00   1.8678254e+02   7.9435878e+02   6.8199226e+02   1.6408397e+02
   2.0000000e+00   2.0000000e+00   6.8503892e+02   7.8958397e+02   1.0453703e+03   4.9236634e+00
   3.0000000e+00   2.0000000e+00   1.0484170e+03   7.8162595e+02   1.2770437e+03   1.7404584e+00
   1.0000000e+00   3.0000000e+00   1.5822007e+02   8.4847328e+02   6.3756176e+02   1.2429389e+02
   2.0000000e+00   3.0000000e+00   6.4060842e+02   8.4210687e+02   1.0882140e+03   1.7404584e+00
   3.0000000e+00   3.0000000e+00   1.0882140e+03   8.4529008e+02   1.2770437e+03   4.9236644e+00
   3.0000000e+00   4.0000000e+00   5.3270576e+02   8.6120611e+02   8.9621077e+02   1.2270229e+02
   3.0000000e+00   5.0000000e+00   7.4737069e+00   9.6147710e+02   7.8196090e+02   2.3729771e+02
   2.0000000e+00   6.0000000e+00   1.2361062e+01   9.5511069e+02   2.4073386e+02   2.3093130e+02
   3.0000000e+00   6.0000000e+00   2.4232067e+02   9.5670229e+02   1.0088738e+03   3.2642748e+02
   2.0000000e+00   7.0000000e+00   1.0647314e+01   9.5351908e+02   4.9950983e+02   2.8504580e+02
   3.0000000e+00   7.0000000e+00   5.0096969e+02   9.5988550e+02   1.2754569e+03   2.8345420e+02
   2.0000000e+00   8.0000000e+00   5.8869039e+00   9.5511069e+02   5.2331188e+02   4.7896946e+01
   3.0000000e+00   8.0000000e+00   5.2794535e+02   9.5829389e+02   1.2754569e+03   2.4022900e+01
   2.0000000e+00   9.0000000e+00   1.5407726e+01   9.2805344e+02   5.3917992e+02   3.3320609e+00
   3.0000000e+00   9.0000000e+00   5.4381339e+02   9.3441985e+02   1.2754569e+03   4.9236644e+00
   2.0000000e+00   1.0000000e+01   1.0647314e+01   7.1000382e+02   5.6615558e+02   4.9236644e+00
   3.0000000e+00   1.0000000e+01   5.7396266e+02   7.8003435e+02   1.2754569e+03   3.3320609e+00
   3.0000000e+00   1.1000000e+01   1.5407726e+01   7.7048473e+02   7.8196090e+02   1.7404584e+00
   2.0000000e+00   1.2000000e+01   5.8869039e+00   7.2432824e+02   1.8849628e+02   1.7404584e+00
   3.0000000e+00   1.2000000e+01   1.9312975e+02   7.2751145e+02   9.2477324e+02   4.9236644e+00
   2.0000000e+00   1.3000000e+01   9.0605114e+00   7.2591985e+02   3.4400306e+02   6.5152669e+00
   1.0000000e+00   1.4000000e+01   6.0138474e+00   7.9435878e+02   4.4079809e+02   1.1792748e+02
   2.0000000e+00   1.4000000e+01   4.4701836e+02   8.0072519e+02   8.7399552e+02   1.7404574e+00
   3.0000000e+00   1.4000000e+01   8.7545538e+02   8.1345802e+02   1.2754569e+03   3.3320609e+00
   3.0000000e+00   1.5000000e+01   3.4863652e+02   7.1477863e+02   1.0786932e+03   3.3320609e+00
   1.0000000e+00   2.2000000e+01   4.3000994e+00   8.4688168e+02   3.1226698e+02   1.2429389e+02
   2.0000000e+00   2.2000000e+01   3.1690045e+02   8.6916412e+02   7.2642277e+02   3.3320609e+00
   3.0000000e+00   2.2000000e+01   7.3105623e+02   8.3096565e+02   1.0596516e+03   3.5164122e+01
   5.0000000e+00   2.2000000e+01   1.0612384e+03   7.6093511e+02   1.2421340e+03   2.0705725e+02
   1.0000000e+00   2.3000000e+01   7.4737069e+00   8.1504962e+02   3.3924264e+02   7.6545801e+01
   2.0000000e+00   2.3000000e+01   3.4228931e+02   7.8958397e+02   7.6609286e+02   4.9236634e+00
   3.0000000e+00   2.3000000e+01   7.7072633e+02   8.2300763e+02   1.2754569e+03   3.3320609e+00
   1.0000000e+00   2.4000000e+01   6.0138474e+00   8.4529008e+02   1.2819774e+02   5.2671755e+01
   2.0000000e+00   2.4000000e+01   1.2819774e+02   8.6757252e+02   6.2328052e+02   6.5152679e+00
   3.0000000e+00   2.4000000e+01   6.2632718e+02   8.2300763e+02   1.0913876e+03   3.3320609e+00
   5.0000000e+00   2.4000000e+01   1.0928475e+03   7.9754198e+02   1.2738701e+03   1.0678626e+02
   1.0000000e+00   2.5000000e+01   1.0647314e+01   8.1664122e+02   3.8208635e+02   3.3572519e+01
   2.0000000e+00   2.5000000e+01   3.8195940e+02   8.7871374e+02   8.6447470e+02   4.9236644e+00
   3.0000000e+00   2.5000000e+01   8.6593456e+02   8.1504962e+02   1.2738701e+03   6.5152669e+00
   2.0000000e+00   2.6000000e+01   9.1874549e+00   8.6438931e+02   5.9947846e+02   3.3320620e+00
   3.0000000e+00   2.6000000e+01   6.0252513e+02   8.1664122e+02   1.1024953e+03   1.7404584e+00
   5.0000000e+00   2.6000000e+01   1.1023683e+03   7.5775191e+02   1.2754569e+03   8.7687022e+01
   2.0000000e+00   2.7000000e+01   5.8869039e+00   8.5324809e+02   4.7253416e+02   3.3320609e+00
   3.0000000e+00   2.7000000e+01   4.7558082e+02   8.0550000e+02   8.9938438e+02   4.9236644e+00
   5.0000000e+00   2.7000000e+01   9.0097118e+02   7.7685115e+02   1.1024953e+03   1.1633588e+02
   9.0000000e+00   2.7000000e+01   1.1024953e+03   7.3865267e+02   1.2754569e+03   9.5645039e+01
   1.0000000e+00   2.8000000e+01   2.6294912e+02   8.4210687e+02   7.5974565e+02   4.9488549e+01
   2.0000000e+00   2.8000000e+01   7.6133245e+02   9.4715267e+02   1.2770437e+03   1.7404584e+00
   1.0000000e+00   2.9000000e+01   7.6006519e+00   8.2778244e+02   3.2496141e+02   9.6984739e+00
   2.0000000e+00   2.9000000e+01   3.2654821e+02   8.6438931e+02   8.5336707e+02   3.3320620e+00
   3.0000000e+00   2.9000000e+01   8.5482693e+02   8.3733206e+02   1.2754569e+03   3.3320609e+00
   1.0000000e+00   3.0000000e+01   5.8869039e+00   6.5111450e+02   2.3451359e+02   1.7404584e+00
   2.0000000e+00   3.0000000e+01   2.3597345e+02   6.8612977e+02   6.7247144e+02   6.5152669e+00
   3.0000000e+00   3.0000000e+01   6.7088464e+02   6.9567939e+02   1.2754569e+03   1.7404584e+00
   1.0000000e+00   3.1000000e+01   2.0753793e+02   7.8958397e+02   6.2804093e+02   1.0519466e+02
   2.0000000e+00   3.1000000e+01   6.3426120e+02   8.5165649e+02   1.1897695e+03   4.9236644e+00
   3.0000000e+00   3.1000000e+01   1.1897695e+03   8.4529008e+02   1.2754569e+03   6.5152669e+00
   1.0000000e+00   3.2000000e+01   7.4737069e+00   9.4396947e+02   4.5683942e+01   2.0705725e+02
   2.0000000e+00   3.2000000e+01   5.0317409e+01   9.4396947e+02   6.2486732e+02   4.9236634e+00
   3.0000000e+00   3.2000000e+01   6.2791399e+02   9.5670229e+02   1.2230924e+03   9.7236641e+01
   5.0000000e+00   3.2000000e+01   1.2262660e+03   8.1027481e+02   1.2738701e+03   1.9750763e+02
   2.0000000e+00   3.3000000e+01   6.1551981e+01   7.6889313e+02   6.1693331e+02   6.5152669e+00
   3.0000000e+00   3.3000000e+01   6.1997997e+02   8.0709160e+02   1.1723146e+03   6.5152679e+00
   5.0000000e+00   3.3000000e+01   1.1753613e+03   7.4661069e+02   1.2722833e+03   4.9236634e+00
   1.0000000e+00   3.4000000e+01   2.1229834e+02   7.2114504e+02   6.2328052e+02   3.0389312e+01
   2.0000000e+00   3.4000000e+01   6.2486733e+02   7.7048473e+02   1.1675542e+03   1.7404584e+00
   3.0000000e+00   3.4000000e+01   1.1691410e+03   7.8640076e+02   1.2754569e+03   4.9236634e+00
   5.0000000e+00   3.5000000e+01   9.0605114e+00   9.0895420e+02   8.1052337e+02   1.4473282e+01
   9.0000000e+00   3.5000000e+01   9.3416712e+02   8.6438931e+02   1.2722833e+03   3.3320620e+00
   3.0000000e+00   3.6000000e+01   7.4737069e+00   8.4688168e+02   3.9319397e+02   6.5152669e+00
   4.0000000e+00   3.6000000e+01   4.0100105e+02   7.9435878e+02   5.2648549e+02   4.9236644e+00
   5.0000000e+00   3.6000000e+01   5.3600631e+02   9.5351908e+02   1.2754569e+03   6.5152669e+00
   3.0000000e+00   3.7000000e+01   2.5025469e+02   8.6120611e+02   9.4381489e+02   4.9236644e+00
   4.0000000e+00   3.7000000e+01   9.4698849e+02   8.2300763e+02   1.1151897e+03   4.9236644e+00
   5.0000000e+00   3.7000000e+01   1.1166496e+03   8.5643130e+02   1.2738701e+03   1.7404584e+00
   9.0000000e+00   3.8000000e+01   1.0647314e+01   9.0895420e+02   1.1992903e+03   4.9236634e+00
   1.0000000e+00   3.9000000e+01   2.5355524e+02   7.0045420e+02   7.1055473e+02   2.7206106e+01
   2.0000000e+00   3.9000000e+01   7.1360139e+02   7.9435878e+02   1.2183319e+03   1.7404574e+00
   3.0000000e+00   3.9000000e+01   1.2230924e+03   7.6889313e+02   1.2722833e+03   3.3320609e+00
   9.0000000e+00   4.0000000e+01   7.6006519e+00   9.5511069e+02   1.2754569e+03   4.9236634e+00
   1.0000000e+00   4.1000000e+01   7.4737069e+00   5.0946183e+02   1.8849628e+02   4.9236634e+00
   2.0000000e+00   4.1000000e+01   1.9312975e+02   5.1901145e+02   6.5977701e+02   1.7404584e+00
   3.0000000e+00   4.1000000e+01   6.6441048e+02   5.8426718e+02   1.2738701e+03   1.7404584e+00
   3.0000000e+00   4.2000000e+01   2.2499277e+02   8.0231679e+02   8.4225944e+02   6.5152669e+00
   4.0000000e+00   4.2000000e+01   8.4384625e+02   8.2141603e+02   9.6920375e+02   6.5152679e+00
   5.0000000e+00   4.2000000e+01   9.7383721e+02   9.4237786e+02   1.2754569e+03   4.9236644e+00
   6.0000000e+00   4.3000000e+01   7.4737069e+00   8.2778244e+02   5.6791569e+01   6.5152669e+00
   7.0000000e+00   4.3000000e+01   5.9965177e+01   8.3414885e+02   1.1294709e+03   4.9236644e+00
   8.0000000e+00   4.3000000e+01   1.1341044e+03   7.8958397e+02   1.2770437e+03   6.5152669e+00
   7.0000000e+00   4.4000000e+01   2.0168137e+01   9.5988550e+02   1.1913563e+03   1.4885493e-01
   8.0000000e+00   4.4000000e+01   1.1929431e+03   9.5829389e+02   1.2770437e+03   3.3320609e+00
   7.0000000e+00   4.5000000e+01   3.2862568e+01   9.5511069e+02   1.1992903e+03   1.4885493e-01
   8.0000000e+00   4.5000000e+01   1.2007502e+03   9.5829389e+02   1.2754569e+03   1.4885493e-01
   6.0000000e+00   4.6000000e+01   5.8869039e+00   9.5988550e+02   8.3767234e+01   4.9236644e+00
   7.0000000e+00   4.6000000e+01   8.6813896e+01   9.5670229e+02   1.2135715e+03   3.3320609e+00
   8.0000000e+00   4.6000000e+01   1.2182050e+03   9.5670229e+02   1.2754569e+03   4.9236644e+00
   6.0000000e+00   4.7000000e+01   7.4737069e+00   9.5829389e+02   1.1074290e+02   8.1068694e+00
   7.0000000e+00   4.7000000e+01   1.1378956e+02   9.5670229e+02   1.2262660e+03   4.4713741e+01
   8.0000000e+00   4.7000000e+01   1.2294396e+03   9.5829389e+02   1.2738701e+03   1.7840840e+02
   6.0000000e+00   4.8000000e+01   2.3133999e+02   8.7712214e+02   7.2166236e+02   3.3320609e+00
   7.0000000e+00   4.8000000e+01   7.2470902e+02   9.5351908e+02   1.2722833e+03   3.3320609e+00
   2.0000000e+00   4.9000000e+01   7.4737069e+00   7.2273664e+02   4.6936055e+02   3.3320609e+00
   3.0000000e+00   4.9000000e+01   4.7240722e+02   7.1796183e+02   9.0255799e+02   3.3320609e+00
   5.0000000e+00   4.9000000e+01   9.0414479e+02   6.8612977e+02   1.1024953e+03   6.8587786e+01
   9.0000000e+00   4.9000000e+01   1.1040821e+03   7.0363740e+02   1.2738701e+03   1.1315267e+02
   7.0000000e+00   5.0000000e+01   5.8869039e+00   9.5192748e+02   5.3441951e+02   3.3320609e+00
   8.0000000e+00   5.0000000e+01   5.3441951e+02   8.7712214e+02   9.8983220e+02   1.7404584e+00
   6.0000000e+00   5.1000000e+01   2.3468689e+01   9.2009542e+02   1.0183947e+03   4.9236644e+00
   7.0000000e+00   5.1000000e+01   1.0214413e+03   9.1691221e+02   1.2754569e+03   4.9236644e+00
   2.0000000e+00   5.2000000e+01   7.4737069e+00   5.0468702e+02   3.2496141e+02   1.7404584e+00
   3.0000000e+00   5.2000000e+01   3.2800807e+02   5.2856107e+02   1.0802800e+03   1.7404584e+00
   4.0000000e+00   5.2000000e+01   1.0833267e+03   4.6171374e+02   1.1199501e+03   1.7404584e+00
   5.0000000e+00   5.2000000e+01   1.1214100e+03   4.3465649e+02   1.2754569e+03   3.3320609e+00
   6.0000000e+00   5.3000000e+01   5.8869039e+00   1.6249237e+02   4.2969046e+02   5.2671756e+01
   6.0000000e+00   5.3000000e+01   9.1874549e+00   9.5511069e+02   3.7749923e+01   1.7204198e+02
   7.0000000e+00   5.3000000e+01   3.7622979e+01   9.5511069e+02   1.0898008e+03   1.6567557e+02
   8.0000000e+00   5.3000000e+01   1.0912607e+03   9.5670229e+02   1.2738701e+03   3.9168321e+02
   7.0000000e+00   5.4000000e+01   9.0605114e+00   9.5829389e+02   6.2486733e+02   1.7404574e+00
   8.0000000e+00   5.4000000e+01   6.2474038e+02   8.5006489e+02   1.0025266e+03   4.9236644e+00
   8.0000000e+00   5.5000000e+01   2.7132964e+00   9.0895420e+02   1.1691410e+03   4.9236634e+00
   6.0000000e+00   5.6000000e+01   2.3121304e+02   7.7685115e+02   4.0906201e+02   1.7404584e+00
   7.0000000e+00   5.6000000e+01   4.0893507e+02   8.7871374e+02   8.2956501e+02   3.3320620e+00
   8.0000000e+00   5.6000000e+01   8.3115182e+02   9.2646183e+02   1.2754569e+03   3.3320609e+00
   6.0000000e+00   5.7000000e+01   9.0605114e+00   9.5829389e+02   4.5983973e+02   3.3320609e+00
   7.0000000e+00   5.7000000e+01   4.6301334e+02   9.5829389e+02   1.2786305e+03   3.3320609e+00
   6.0000000e+00   5.8000000e+01   9.0605114e+00   9.5670229e+02   5.0109663e+02   1.7404584e+00
   7.0000000e+00   5.8000000e+01   5.0427024e+02   9.5829389e+02   1.2738701e+03   3.3320609e+00
   6.0000000e+00   5.9000000e+01   9.0605114e+00   9.5829389e+02   5.3759312e+02  -1.4427486e+00
   7.0000000e+00   5.9000000e+01   5.4222658e+02   9.5988550e+02   1.2754569e+03   3.6755725e+01
   6.0000000e+00   6.0000000e+01   5.8869039e+00   7.8799237e+02   1.7738866e+02   3.3320609e+00
   7.0000000e+00   6.0000000e+01   1.8043532e+02   8.6598092e+02   1.0009398e+03   3.3320609e+00
   8.0000000e+00   6.0000000e+01   1.0055733e+03   8.6916412e+02   1.2754569e+03   4.9236634e+00
   1.0000000e+00   6.1000000e+01   7.4737069e+00   7.8640076e+02   4.4238489e+02   8.4503816e+01
   2.0000000e+00   6.1000000e+01   4.4543155e+02   8.0868321e+02   8.6447470e+02   4.9236644e+00
   3.0000000e+00   6.1000000e+01   8.7228177e+02   7.8799237e+02   1.2786305e+03   6.5152669e+00
   6.0000000e+00   6.2000000e+01   7.4737069e+00   9.5829389e+02   1.1391650e+02   1.6090076e+02
   7.0000000e+00   6.2000000e+01   1.1537637e+02   9.5988550e+02   1.0136343e+03   1.4885493e-01
   8.0000000e+00   6.2000000e+01   1.0120474e+03   9.5988550e+02   1.2754569e+03   4.9236644e+00
   3.0000000e+00   6.3000000e+01   5.8869039e+00   4.9832061e+02   7.7561369e+02   3.3320609e+00
   4.0000000e+00   6.3000000e+01   7.7707354e+02   4.0759924e+02   8.1369698e+02   6.5152679e+00
   5.0000000e+00   6.3000000e+01   8.1674364e+02   3.8531679e+02   1.1881827e+03   1.7404584e+00
   9.0000000e+00   6.3000000e+01   1.1897695e+03   4.0759924e+02   1.2738701e+03   4.9236644e+00
   6.0000000e+00   6.4000000e+01   5.8869039e+00   9.5988550e+02   1.8214907e+02   3.4870992e+02
   7.0000000e+00   6.4000000e+01   1.8360893e+02   9.5670229e+02   1.0120474e+03   2.5614504e+01
   8.0000000e+00   6.4000000e+01   1.0135073e+03   9.5829389e+02   1.2722833e+03   4.9236634e+00
   9.0000000e+00   6.5000000e+01   7.4737069e+00   9.5829389e+02   1.2754569e+03   1.7404574e+00
   9.0000000e+00   6.6000000e+01   1.8581334e+01   9.5988550e+02   1.2738701e+03   3.3320609e+00
   9.0000000e+00   6.7000000e+01   7.4737069e+00   9.6147710e+02   1.2722833e+03   4.9236644e+00
   9.0000000e+00   6.8000000e+01   6.0138474e+00   9.5829389e+02   1.2754569e+03   3.3320609e+00
   9.0000000e+00   6.9000000e+01   7.4737069e+00   7.8162595e+02   1.2770437e+03   3.3320620e+00
   9.0000000e+00   7.0000000e+01   9.0605114e+00   9.3919466e+02   1.2738701e+03   4.9236644e+00
   9.0000000e+00   7.1000000e+01   1.0647314e+01   9.6147710e+02   1.2754569e+03   1.7404584e+00
   1.0000000e+00   7.2000000e+01   9.0605114e+00   7.7685115e+02   1.3930537e+02   4.9236644e+00
   2.0000000e+00   7.2000000e+01   1.4869924e+02   7.3865267e+02   6.0741248e+02   6.5152679e+00
   3.0000000e+00   7.2000000e+01   6.0887234e+02   7.5297710e+02   9.8824539e+02   8.1068704e+00
   5.0000000e+00   7.2000000e+01   9.8970525e+02   7.0204580e+02   1.1580334e+03   1.0837786e+02
   9.0000000e+00   7.2000000e+01   1.1596202e+03   6.8612977e+02   1.2754569e+03   1.2906870e+02
   9.0000000e+00   7.3000000e+01   9.0605114e+00   9.5988550e+02   1.2738701e+03   1.7404584e+00
   1.0000000e+00   7.4000000e+01   7.6006519e+00   8.6279771e+02   3.3765584e+02   1.1315267e+02
   2.0000000e+00   7.4000000e+01   3.3752890e+02   8.4369847e+02   7.6133245e+02   4.9236634e+00
   3.0000000e+00   7.4000000e+01   7.6609286e+02   8.2937405e+02   1.2754569e+03   9.6984729e+00
   9.0000000e+00   7.5000000e+01   1.0647314e+01   9.5511069e+02   1.2580020e+03   4.9236634e+00
   3.0000000e+00   7.6000000e+01   1.0585554e+02   9.2168702e+02   8.0734976e+02   1.4885493e-01
   4.0000000e+00   7.6000000e+01   8.1039642e+02   8.7234733e+02   9.9617941e+02   3.3320609e+00
   5.0000000e+00   7.6000000e+01   9.9617941e+02   8.7553053e+02   1.2738701e+03   3.3320620e+00
   3.0000000e+00   7.7000000e+01   2.8992478e+02   9.5511069e+02   9.9459261e+02   6.2221373e+01
   4.0000000e+00   7.7000000e+01   9.9763927e+02   9.5670229e+02   1.1897695e+03   3.6144275e+02
   5.0000000e+00   7.7000000e+01   8.7228177e+02   5.9038168e+01   1.2738701e+03   4.9236644e+00
   5.0000000e+00   7.7000000e+01   9.9776621e+02   3.5825954e+02   1.2738701e+03   6.2221373e+01
   5.0000000e+00   7.7000000e+01   1.1929431e+03   9.5670229e+02   1.2722833e+03   3.6144275e+02
   6.0000000e+00   7.8000000e+01   7.4737069e+00   9.5829389e+02   3.1226698e+02   6.5152669e+00
   7.0000000e+00   7.8000000e+01   3.1690045e+02   9.1213740e+02   1.0199815e+03   4.9236634e+00
   8.0000000e+00   7.8000000e+01   1.0214413e+03   7.9276718e+02   1.2230924e+03   4.9236644e+00
   6.0000000e+00   7.9000000e+01   7.4737069e+00   9.0895420e+02   2.5990245e+02   6.5152669e+00
   7.0000000e+00   7.9000000e+01   2.6294912e+02   8.8348855e+02   1.1389918e+03   1.7404574e+00
   8.0000000e+00   7.9000000e+01   1.1404516e+03   7.7048473e+02   1.2770437e+03   3.3320609e+00
   6.0000000e+00   8.0000000e+01   5.8869039e+00   9.1691221e+02   1.1232970e+02   4.9236644e+00
   7.0000000e+00   8.0000000e+01   1.1696317e+02   9.0736260e+02   1.2500680e+03   3.3320609e+00
   6.0000000e+00   8.0000000e+01   9.0605114e+00   8.9144656e+02   7.5833214e+01   4.9236644e+00
   7.0000000e+00   8.0000000e+01   7.8879878e+01   8.9144656e+02   1.2754569e+03   1.7404574e+00
   6.0000000e+00   8.1000000e+01   7.4737069e+00   8.0868321e+02   9.4874859e+01   3.3320609e+00
   7.0000000e+00   8.1000000e+01   9.1574308e+01   8.5643130e+02   1.1818355e+03   3.3320609e+00
   8.0000000e+00   8.1000000e+01   1.1864689e+03   8.5802290e+02   1.2754569e+03   3.3320609e+00
   6.0000000e+00   8.2000000e+01   9.0605114e+00   7.7366794e+02   1.4723939e+02   3.3320609e+00
   7.0000000e+00   8.2000000e+01   1.4882619e+02   8.9303817e+02   1.0706322e+03   4.9236644e+00
   8.0000000e+00   8.2000000e+01   1.0722190e+03   8.9781298e+02   1.2754569e+03   1.4885493e-01
   1.0000000e+00   8.3000000e+01   3.2324766e+02   8.1186641e+02   8.1369698e+02   1.2429389e+02
   2.0000000e+00   8.3000000e+01   8.1991725e+02   8.0550000e+02   1.2738701e+03   1.4885493e-01
   6.0000000e+00   8.4000000e+01   7.6006519e+00   7.3865267e+02   2.5501510e+02   4.9236644e+00
   7.0000000e+00   8.4000000e+01   2.5672885e+02   9.0895420e+02   1.0262017e+03   4.9236634e+00
   8.0000000e+00   8.4000000e+01   1.0263287e+03   9.4078626e+02   1.2769167e+03   6.5152669e+00
   2.0000000e+00   8.5000000e+01   7.6006519e+00   8.3733206e+02   5.3124590e+02   1.7404574e+00
   3.0000000e+00   8.5000000e+01   5.3283271e+02   8.1823282e+02   1.0057002e+03   3.3320609e+00
   5.0000000e+00   8.5000000e+01   1.0057002e+03   7.8321756e+02   1.2595888e+03   1.0837786e+02
   2.0000000e+00   8.6000000e+01   2.7132964e+00   9.5829389e+02   2.5038163e+02   8.4503816e+01
   2.0000000e+00   8.6000000e+01   2.5342829e+02   3.3916031e+02   3.5193707e+02   1.9432443e+02
   2.0000000e+00   8.6000000e+01   2.5342829e+02   7.1796183e+02   2.9163853e+02   3.3916030e+02
   3.0000000e+00   8.6000000e+01   2.5355524e+02   9.5829389e+02   1.0437835e+03   7.2114504e+02
   3.0000000e+00   8.6000000e+01   3.5511068e+02   7.2114504e+02   9.8507178e+02   1.9273282e+02
   3.0000000e+00   8.6000000e+01   2.9468519e+02   7.1955344e+02   3.5035027e+02   3.4393511e+02
   5.0000000e+00   8.6000000e+01   1.0469571e+03   9.5511069e+02   1.2722833e+03   6.6703053e+02
   5.0000000e+00   8.6000000e+01   1.0104606e+03   6.6384733e+02   1.2738701e+03   3.0255344e+02
   2.0000000e+00   8.7000000e+01   7.4737069e+00   9.5511069e+02   2.4244761e+02   1.3225191e+02
   3.0000000e+00   8.7000000e+01   2.4708108e+02   9.5670229e+02   1.0295023e+03   2.0228244e+02
   5.0000000e+00   8.7000000e+01   1.0295023e+03   9.5829389e+02   1.2754569e+03   3.1528626e+02
   2.0000000e+00   8.8000000e+01   7.6006519e+00   7.6093511e+02   2.9322533e+02   1.7404574e+00
   3.0000000e+00   8.8000000e+01   3.0103241e+02   7.5297710e+02   1.0882140e+03   3.3320620e+00
   5.0000000e+00   8.8000000e+01   1.0882140e+03   6.8772137e+02   1.2770437e+03   1.7404584e+00
   2.0000000e+00   8.9000000e+01   5.8869039e+00   8.3892366e+02   2.3768720e+02   4.9236644e+00
   3.0000000e+00   8.9000000e+01   2.4073386e+02   8.2300763e+02   1.0310891e+03   1.7404574e+00
   5.0000000e+00   8.9000000e+01   1.0342627e+03   7.3546947e+02   1.2738701e+03   4.9236634e+00
   2.0000000e+00   9.0000000e+01   9.0605114e+00   9.5670229e+02   2.1705875e+02   1.7404584e+00
   3.0000000e+00   9.0000000e+01   2.2169222e+02   9.5988550e+02   1.0517175e+03   1.7404584e+00
   5.0000000e+00   9.0000000e+01   1.0533043e+03   9.5192748e+02   1.2754569e+03   3.3320609e+00
   2.0000000e+00   9.1000000e+01   7.4737069e+00   9.5988550e+02   2.1547195e+02   3.6755725e+01
   3.0000000e+00   9.1000000e+01   2.1693181e+02   9.5670229e+02   1.0628252e+03   1.1792748e+02
   5.0000000e+00   9.1000000e+01   1.0612384e+03   9.5670229e+02   1.2754569e+03   2.2456489e+02
   2.0000000e+00   9.2000000e+01   1.0647314e+01   9.5988550e+02   2.4879483e+02   1.8159160e+02
   3.0000000e+00   9.2000000e+01   2.5184149e+02   9.5829389e+02   1.0675856e+03   2.6435496e+02
   5.0000000e+00   9.2000000e+01   1.0707592e+03   9.5988550e+02   1.2754569e+03   3.4711832e+02
   2.0000000e+00   9.3000000e+01   7.4737069e+00   9.5988550e+02   2.8053090e+02   2.7231298e+02
   3.0000000e+00   9.3000000e+01   2.8516437e+02   9.6147710e+02   1.0707592e+03   3.4870992e+02
   5.0000000e+00   9.3000000e+01   1.0769795e+03   9.5670229e+02   1.2754569e+03   4.2669847e+02
   2.0000000e+00   9.4000000e+01   7.6006519e+00   8.8030534e+02   2.3768720e+02   3.3320609e+00
   3.0000000e+00   9.4000000e+01   2.4073386e+02   8.4369847e+02   9.3429406e+02   1.4885493e-01
   5.0000000e+00   9.4000000e+01   9.3892753e+02   7.4342748e+02   1.1564466e+03   4.9236634e+00
   9.0000000e+00   9.4000000e+01   1.1563196e+03   7.4183588e+02   1.2754569e+03   5.2671756e+01
   1.0000000e+00   9.5000000e+01   9.0605114e+00   8.6598092e+02   4.8046818e+02   2.1342366e+02
   2.0000000e+00   9.5000000e+01   4.8510165e+02   8.5006489e+02   8.5178027e+02   4.9236644e+00
   3.0000000e+00   9.5000000e+01   8.5482693e+02   8.4369847e+02   1.2738701e+03   7.9729008e+01
   2.0000000e+00   9.6000000e+01   9.0605114e+00   8.3096565e+02   3.9795438e+02   6.5152669e+00
   3.0000000e+00   9.6000000e+01   3.9795438e+02   8.1664122e+02   8.7399552e+02   6.5152669e+00
   5.0000000e+00   9.6000000e+01   8.7704218e+02   7.5775191e+02   1.0898008e+03   1.3384351e+02
   9.0000000e+00   9.6000000e+01   1.0929744e+03   7.4342748e+02   1.2722833e+03   1.1792748e+02
   2.0000000e+00   9.7000000e+01   9.0605114e+00   8.1664122e+02   3.5193707e+02   3.3320609e+00
   3.0000000e+00   9.7000000e+01   3.5657054e+02   7.8003435e+02   1.0183947e+03   3.3320609e+00
   5.0000000e+00   9.7000000e+01   1.0214413e+03   7.3069466e+02   1.2738701e+03   1.7404584e+00
   2.0000000e+00   9.8000000e+01   1.0647314e+01   8.2459924e+02   2.4562122e+02   3.3320609e+00
   3.0000000e+00   9.8000000e+01   2.5342829e+02   8.0709160e+02   9.9617941e+02   4.9236644e+00
   5.0000000e+00   9.8000000e+01   1.0008129e+03   7.4183588e+02   1.2754569e+03   4.9236644e+00
   2.0000000e+00   9.9000000e+01   7.4737069e+00   8.3096565e+02   2.4720802e+02   3.3320609e+00
   3.0000000e+00   9.9000000e+01   2.5025469e+02   8.1345802e+02   1.0136343e+03   1.7404584e+00
   5.0000000e+00   9.9000000e+01   1.0166809e+03   7.2751145e+02   1.2738701e+03   3.3320609e+00
   2.0000000e+00   1.0000000e+02   9.0605114e+00   7.5297710e+02   2.1705875e+02   1.4885493e-01
   3.0000000e+00   1.0000000e+02   2.2327902e+02   8.1186641e+02   9.8348498e+02   3.3320609e+00
   5.0000000e+00   1.0000000e+02   9.9922607e+02   7.2751145e+02   1.2722833e+03   3.3320609e+00
   2.0000000e+00   1.0100000e+02   5.8869039e+00   8.2619084e+02   2.2181916e+02   1.7404574e+00
   3.0000000e+00   1.0100000e+02   2.2023236e+02   8.4210687e+02   1.0168079e+03   4.9236644e+00
   5.0000000e+00   1.0100000e+02   1.0230281e+03   7.4501908e+02   1.2738701e+03   4.9236644e+00
   2.0000000e+00   1.0200000e+02   7.4737069e+00   8.1345802e+02   1.0122207e+02   6.5152669e+00
   3.0000000e+00   1.0200000e+02   1.0268194e+02   8.4529008e+02   1.0088738e+03   6.5152669e+00
   4.0000000e+00   1.0200000e+02   1.0104606e+03   7.4342748e+02   1.0771064e+03   6.5152669e+00
   5.0000000e+00   1.0200000e+02   1.0785663e+03   7.8003435e+02   1.2770437e+03   4.9236644e+00
   2.0000000e+00   1.0300000e+02   6.0138474e+00   8.3892366e+02   1.2819774e+02   6.5152679e+00
   3.0000000e+00   1.0300000e+02   1.3124440e+02   8.5802290e+02   1.0485439e+03   1.7404574e+00
   2.0000000e+00   1.0400000e+02   1.0647314e+01   8.2619084e+02   2.7577049e+02   3.3320609e+00
   3.0000000e+00   1.0400000e+02   2.8211771e+02   8.5165649e+02   1.1785349e+03   3.3320609e+00
   1.0000000e+00   1.0500000e+02   2.9322533e+02   8.2459924e+02   7.9770199e+02   2.1819847e+02
   2.0000000e+00   1.0500000e+02   7.9782894e+02   8.7393893e+02   1.2770437e+03   4.9236644e+00
   2.0000000e+00   1.0600000e+02   6.0138474e+00   9.0895420e+02   3.0103241e+02   1.1290076e+01
   3.0000000e+00   1.0600000e+02   3.0737962e+02   9.0258779e+02   1.0406099e+03   8.1068704e+00
   1.0000000e+00   1.0700000e+02   1.4235203e+02   8.5006489e+02   6.0582568e+02   1.1474428e+02
   2.0000000e+00   1.0700000e+02   6.0887234e+02   8.0550000e+02   1.0437835e+03   9.6984729e+00
   3.0000000e+00   1.0700000e+02   1.0469571e+03   8.0550000e+02   1.2722833e+03   3.3320609e+00
   2.0000000e+00   1.0800000e+02   5.8869039e+00   9.5670229e+02   2.7577049e+02   6.5152669e+00
   3.0000000e+00   1.0800000e+02   2.7564355e+02   9.5670229e+02   1.0437835e+03   4.7896947e+01
   2.0000000e+00   1.0900000e+02   7.4737069e+00   9.5988550e+02   3.0433296e+02   1.0519466e+02
   3.0000000e+00   1.0900000e+02   3.0420602e+02   9.5988550e+02   1.0691724e+03   1.9591603e+02
   2.0000000e+00   1.1000000e+02   4.3000994e+00   9.5829389e+02   2.7894410e+02   2.3093130e+02
   3.0000000e+00   1.1000000e+02   2.8040396e+02   9.6147710e+02   1.0168079e+03   3.3597710e+02
   2.0000000e+00   1.1100000e+02   7.4737069e+00   9.3919466e+02   2.9957255e+02   9.6984739e+00
   3.0000000e+00   1.1100000e+02   3.0261921e+02   9.3919466e+02   1.1151897e+03   8.1068704e+00
   2.0000000e+00   1.1200000e+02   9.0605114e+00   9.5829389e+02   3.1068018e+02   1.7404574e+00
   3.0000000e+00   1.1200000e+02   3.1214003e+02   9.6147710e+02   1.1358181e+03   6.8587786e+01
   2.0000000e+00   1.1300000e+02   7.4737069e+00   9.5988550e+02   3.1544059e+02   1.9432443e+02
   3.0000000e+00   1.1300000e+02   3.1848725e+02   9.6147710e+02   1.1278841e+03   2.5798855e+02
   3.0000000e+00   1.1400000e+02   7.8879878e+01   8.8985496e+02   8.6923511e+02   1.4473283e+01
   3.0000000e+00   1.1500000e+02   1.3820922e+01   9.5670229e+02   8.5654068e+02   4.9236644e+00
   3.0000000e+00   1.1600000e+02   7.6006519e+00   9.5988550e+02   8.2004419e+02   3.3320609e+00
   2.0000000e+00   1.1700000e+02   2.0168137e+01   8.8985496e+02   5.2965910e+02   4.9236644e+00
